United States	3808.2036633433804	21565	4034.7639174059086
China	3755.4050935369196	17159	4225.869109453978
Philippines	2534.6483560545307	2494	4973.960938841959
Vietnam	2481.6514792899407	1690	5267.56573346593
Indonesia	2873.449299258038	2426	5545.84513451786
Malaysia	2845.978426395939	1576	5979.249091319059
Haiti	1069.0	1	6024.858136553107
Mexico	3070.11704312115	1948	6118.324574872412
Canada	3630.8386243386244	3780	6164.68578537664
Russia	3921.2579147319543	4738	6200.023495017779
Poland	3298.792360828931	2461	6210.629594219577
Taiwan	2856.102929532858	1263	6223.194840089756
Republic of Korea	3122.753303964758	1362	6613.6456193041195
Singapore	2566.185344827586	464	6687.957362455183
Peru	3455.4401015228427	1970	6713.095179317121
Australia	3501.2476145038167	2096	6717.329868070257
Brunei	1212.0	1	6738.458110529062
India	5163.320971867008	8602	6781.761536969024
United Kingdom	3318.2873388931007	1319	6989.160912809222
Germany	3582.94535840188	1702	7097.174279711562
Chile	3417.96652360515	1165	7304.643277437198
Ecuador	2817.72987012987	385	7417.762012724775
Hong Kong	2891.236658932715	431	7454.31867853774
France	4066.875067024129	1865	7715.58409698373
Italy	3536.435450819672	976	7730.636984308857
Ukraine	4066.2504164353136	1801	7782.353617541437
Bangladesh	2627.5555555555557	171	7820.5209162423125
Thailand	3039.159705159705	407	7823.2413920841145
Guyana	1438.0	1	7830.1564651304
Colombia	4029.9297719087635	1666	7832.8182073849475
Brazil	5170.167489896722	4454	7860.693614766038
Spain	4364.796412556054	2230	7889.712794479831
Czech Republic	2887.0163934426228	244	8059.334584895056
Japan	4081.622770919067	1458	8084.723254563316
Sweden	3747.836820083682	956	8116.932172723118
Hungary	3464.903633491311	633	8141.801953563895
Argentina	3440.9659863945576	588	8189.669040342871
Togo	1529.0	1	8257.972046854184
Costa Rica	2706.9545454545455	132	8279.247166326744
Belarus	3467.557620817844	538	8350.082448602443
New Zealand	3536.7718360071303	561	8427.001492665295
Nicaragua	1671.0	2	8431.81494155349
Netherlands	3710.24	675	8511.51070678003
Madagascar	2740.3928571428573	112	8531.565338477063
Kazakhstan	3925.042524005487	729	8786.291043964395
Finland	3529.4089775561097	401	8835.434815652367
Denmark	3624.957345971564	422	8958.221099224284
Israel	3929.7391304347825	644	8966.561123044574
Austria	3096.6484848484847	165	8971.535353548135
Belgium	3539.9882697947214	341	9056.737946348712
Bolivia	4031.9210925644916	659	9115.825002012665
Slovakia	3117.8137931034485	145	9166.631677101837
Guatemala	4307.449131513647	806	9296.524989098605
Switzerland	3824.3963133640555	434	9301.44098927074
Liechtenstein	1881.0	2	9323.478705027192
Paraguay	3048.1926605504586	109	9324.207858194151
Luxembourg	2393.529411764706	17	9392.878541355287
Saint Kitts and Nevis	1797.0	1	9481.442309570344
Croatia	3128.1296296296296	108	9529.222951224958
Turkey	3884.066852367688	359	9671.021828874602
Iran	4672.096566523605	932	9671.763099641463
Dominican Republic	3961.310606060606	396	9683.90133265088
Ireland	3566.1494845360826	194	9824.218962140025
Venezuela	3953.1123919308357	347	9850.557780589888
Norway	4377.400679117148	589	9874.463824446464
Slovenia	3368.609756097561	123	9944.797932774805
Romania	4451.446843853821	602	9971.027772537967
Côte d'Ivoire	2041.5	2	9985.76873657035
Greece	3755.5488372093023	215	10093.883339648193
Uzbekistan	3624.378698224852	169	10124.425283015848
Macau	2644.1176470588234	17	10185.285152668268
Serbia	3604.2702702702704	148	10250.6916480367
Kosovo	2486.375	8	10412.590474117256
Estonia	3597.592	125	10450.242363206899
Cyprus	3211.566037735849	53	10560.999431946042
Bulgaria	3900.095744680851	188	10572.255319008233
Panama	3251.301886792453	53	10663.708575614088
Tajikistan	2492.1666666666665	6	10708.726188550185
Portugal	3922.862068965517	174	10725.452494450887
Lithuania	3687.238532110092	109	10828.724593146793
El Salvador	4038.5833333333335	192	10832.017844461883
Latvia	3958.2638036809817	163	10888.733870050672
Afghanistan	2545.8333333333335	6	10895.303632972318
Kyrgyzstan	3916.1554054054054	148	10930.758346109244
South Africa	5246.510176390773	737	10960.342235252254
Bhutan	2165.0	1	11080.040502638854
Honduras	3861.009433962264	106	11257.213207778323
Uruguay	4461.699152542373	236	11380.34663742423
Nepal	4680.826530612245	294	11462.29255246029
Georgia	3897.05376344086	93	11514.450154890535
Mongolia	5002.631443298969	388	11600.407408376639
Iceland	3701.1475409836066	61	11613.664693114926
Sudan	2643.75	4	11640.333136728834
Moldova	3993.1428571428573	77	11990.20367219071
Bosnia and Herzegovina	3847.186440677966	59	12008.71229483813
Iraq	2700.0	2	12547.768433317671
Pakistan	4021.4615384615386	52	12595.651575885111
Nigeria	4428.762886597938	97	12626.764899143602
Angola	2563.0	1	12714.680744365798
Montenegro	3788.75	28	12851.568660488507
Saudi Arabia	3759.68	25	12924.562354229382
Macedonia	4587.616279069767	86	13146.880775465695
Azerbaijan	5130.327272727272	165	13218.106976686176
Mauritius	4091.324324324324	37	13235.692570656258
Egypt	3527.7	10	13454.14882190467
Kenya	3689.214285714286	14	13488.775668632552
Namibia	2772.0	1	13537.78298150722
Oman	3279.75	4	13802.613258161153
Lebanon	4249.0952380952385	21	14429.35052271264
Zimbabwe	3375.3333333333335	3	14461.892688490625
Sri Lanka	4352.785714285715	14	15282.173778236465
Bahrain	4860.478260869565	23	15796.193837602099
Morocco	5627.483333333334	60	15898.7046833448
Armenia	5536.142857142857	49	16059.255700576727
United Arab Emirates	4879.210526315789	19	16141.815327847055
Palestine	4405.571428571428	7	16437.650034729882
Kuwait	5514.973684210527	38	16450.36630395848
Tunisia	7091.7192982456145	171	16609.128673405576
Jordan	5093.105263157895	19	16653.97516517924
Algeria	6904.45652173913	138	16724.689554491895
Samoa	3697.0	1	16930.083477412183
Bahamas	3754.0	1	17127.182110735095
Papua New Guinea	4149.5	2	17485.27776922202
Syria	5391.9	10	18435.67545894098
Libya	5285.285714285715	7	18767.076369198978
Albania	5709.0	11	19033.758372356937
Andorra	6682.935483870968	31	19239.58039076709
Senegal	4537.0	1	19714.78541593229
Jamaica	5266.5	2	20798.160968974404
Ghana	7692.5	10	23581.553532806873
Suriname	7483.0	4	25051.950220068626
Trinidad and Tobago	6412.0	1	25173.30741121809
Cuba	8252.375	8	25204.873256217754
Monaco	6801.0	1	26201.49969778907
Cambodia	7367.5	2	26218.985580118897
Uganda	7034.0	1	26802.8980642932
Malta	8860.0	2	29597.567479572597
Zambia	8172.0	1	29600.199930815652
Malawi	11618.0	1	36970.69456423189
